64 0 
66 0 
69 0 
71 0 
73 0 
76 1 
78 1 
80 1 
83 1 
85 2 
88 2 
90 3 
93 3 
95 3 
97 4 
100 4 
102 5 
105 6 
107 7 
110 8 
119 11 
122 12 
125 14 
127 15 
130 16 
132 16 
135 17 
137 18 
140 19 
143 21 
145 22 
148 23 
150 23 
153 24 
155 25 
158 27 
161 28 
163 28 
165 29 
168 31 
171 32 
173 33 
176 34 
179 36 
181 37 
184 38 
186 39 
189 40 
199 44 
201 45 
204 46 
206 46 
209 47 
211 47 
214 49 
216 50 
219 51 
221 51 
224 52 
226 53 
229 54 
232 54 
234 55 
237 56 
239 56 
242 57 
244 59 
247 60 
249 61 
252 62 
255 64 
257 65 
260 66 
262 68 
265 69 
268 69 
270 70 
280 75 
282 76 
285 78 
287 79 
290 80 
293 80 
295 81 
298 82 
300 83 
303 85 
306 86 
308 87 
311 88 
313 88 
316 89 
318 90 
321 91 
324 93 
326 94 
329 95 
331 96 
334 97 
337 98 
339 99 
342 101 
345 102 
347 103 
350 104 
359 107 
362 107 
364 108 
367 109 
370 111 
372 111 
375 113 
377 113 
380 115 
382 115 
385 117 
387 117 
389 118 
392 119 
395 120 
397 121 
400 122 
403 123 
405 124 
408 125 
410 127 
413 127 
415 129 
418 130 
421 130 
430 134 
433 135 
435 136 
438 138 
441 139 
443 139 
446 141 
448 141 
451 142 
453 143 
456 144 
458 145 
461 146 
464 147 
466 149 
469 150 
472 151 
474 153 
477 154 
479 155 
482 156 
485 158 
487 159 
490 160 
493 162 
495 163 
505 167 
507 167 
510 168 
512 169 
515 170 
518 171 
520 172 
523 173 
526 173 
528 174 
531 175 
533 176 
536 177 
538 177 
541 178 
543 179 
546 180 
549 181 
551 182 
554 183 
557 183 
559 184 
562 186 
564 186 
567 188 
569 189 
579 193 
581 193 
584 194 
586 195 
589 196 
592 196 
594 197 
597 198 
599 198 
602 199 
604 200 
607 201 
609 202 
612 204 
615 205 
617 205 
620 206 
622 207 
625 208 
628 208 
630 209 
633 210 
635 211 
638 212 
640 213 
650 218 
653 219 
655 219 
658 220 
660 221 
663 222 
666 222 
668 223 
671 224 
673 225 
676 226 
678 228 
681 228 
683 230 
686 230 
688 232 
691 232 
693 234 
696 234 
698 236 
701 236 
703 238 
706 238 
708 240 
711 240 
713 242 
723 245 
726 245 
728 246 
731 247 
733 247 
736 249 
738 249 
741 249 
743 250 
746 251 
748 252 
751 253 
754 254 
756 255 
759 256 
761 258 
764 258 
766 259 
769 260 
772 262 
774 263 
777 264 
780 264 
782 265 
785 266 
794 269 
797 270 
799 272 
802 273 
805 273 
807 274 
810 276 
812 277 
815 278 
818 280 
820 280 
823 282 
825 283 
828 284 
831 285 
833 286 
836 287 
838 288 
841 289 
844 289 
846 290 
849 291 
851 292 
854 293 
857 295 
859 296 
869 300 
872 300 
874 301 
877 302 
879 303 
882 304 
884 304 
887 305 
889 306 
892 307 
895 308 
897 308 
900 310 
902 311 
905 312 
908 314 
910 315 
913 316 
915 316 
918 317 
920 318 
923 319 
926 321 
928 321 
931 323 
933 324 
943 328 
946 328 
948 329 
951 330 
953 330 
956 331 
958 332 
961 333 
964 333 
966 334 
969 335 
971 335 
974 336 
976 337 
979 338 
981 340 
984 341 
987 342 
989 343 
992 344 
995 345 
997 346 
1000 348 
1003 349 
1005 349 
1015 354 
1017 355 
1020 357 
1023 358 
1025 358 
1028 360 
1030 361 
1033 362 
1036 364 
1038 365 
1041 366 
1044 367 
1046 369 
1049 370 
1052 370 
1054 371 
1057 372 
1059 373 
1062 374 
1065 374 
1067 375 
1070 377 
1072 378 
1082 383 
1085 384 
1087 385 
1090 386 
1093 387 
1095 388 
1098 390 
1100 391 
1103 392 
1106 393 
1108 394 
1111 395 
1114 396 
1116 397 
1119 398 
1122 399 
1124 400 
1127 401 
1130 403 
1132 404 
1135 405 
1138 405 
1140 406 
1143 408 
1152 412 
1155 413 
1158 413 
1160 413 
1162 414 
1165 415 
1168 416 
1170 417 
1173 418 
1176 420 
1178 420 
1181 421 
1183 422 
1186 423 
1189 425 
1191 426 
1194 427 
1197 428 
1199 429 
1202 431 
1205 432 
1207 433 
1210 434 
1220 439 
1222 439 
1225 441 
1227 441 
1230 443 
1232 443 
1235 444 
1237 445 
1240 446 
1243 447 
1245 448 
1248 449 
1251 451 
1253 452 
1256 453 
1259 453 
1261 454 
1264 456 
1266 456 
1269 458 
1271 459 
1274 460 
1277 460 
1286 465 
1289 466 
1291 466 
1294 467 
1296 468 
1299 470 
1302 471 
1304 472 
1307 474 
1310 475 
1312 476 
1315 477 
1318 479 
1320 480 
1323 481 
1326 481 
1328 482 
1331 483 
1333 483 
1336 484 
1339 486 
1341 486 
1344 488 
1353 492 
1356 493 
1359 493 
1361 493 
1363 494 
1366 495 
1369 497 
1371 497 
1374 499 
1376 499 
1379 501 
1381 502 
1384 503 
1387 503 
1389 504 
1392 505 
1394 505 
1397 506 
1400 507 
1402 508 
1405 509 
1408 511 
1410 511 
1413 513 
1422 517 
1425 518 
1428 519 
1430 519 
1433 521 
1435 521 
1438 523 
1440 523 
1443 525 
1445 526 
1448 527 
1451 527 
1453 528 
1456 529 
1458 530 
1461 531 
1464 532 
1466 533 
1469 534 
1472 536 
1474 536 
1477 538 
1479 538 
1489 542 
1491 543 
1494 545 
1497 546 
1499 546 
1502 547 
1505 548 
1507 550 
1510 551 
1513 552 
1515 553 
1518 555 
1521 556 
1523 556 
1526 557 
1528 558 
1531 560 
1534 561 
1536 561 
1539 563 
1541 564 
1544 565 
1547 567 
1556 571 
1559 572 
1562 574 
1564 574 
1567 576 
1569 576 
1572 578 
1574 578 
1577 580 
1579 581 
1582 582 
1585 582 
1587 583 
1590 584 
1592 585 
1595 586 
1598 588 
1600 589 
1603 590 
1606 590 
1608 591 
1611 592 
1614 594 
1623 598 
1626 598 
1628 599 
1631 600 
1634 602 
1636 602 
1639 604 
1641 604 
1644 605 
1646 605 
1649 606 
1651 607 
1654 609 
1657 610 
1659 610 
1662 611 
1664 612 
1667 613 
1670 615 
1672 616 
1675 617 
1678 618 
1680 620 
1683 621 
1693 624 
1695 625 
1698 627 
1701 628 
1703 629 
1706 631 
1709 632 
1711 633 
1714 635 
1717 636 
1719 636 
1722 637 
1725 638 
1727 639 
1730 641 
1733 642 
1735 643 
1738 644 
1741 646 
1743 646 
1746 647 
1748 648 
1751 649 
1761 654 
1763 655 
1766 657 
1769 659 
1771 659 
1774 660 
1776 661 
1779 662 
1782 663 
1784 664 
1787 665 
1790 666 
1792 667 
1795 668 
1798 669 
1800 670 
1803 672 
1806 674 
1808 675 
1811 677 
1814 678 
1816 679 
1819 680 
1829 685 
1831 686 
1834 688 
1837 690 
1839 691 
1842 692 
1845 694 
1847 695 
1850 696 
1853 697 
1855 698 
1858 700 
1861 701 
1863 702 
1866 703 
1869 705 
1871 705 
1874 707 
1876 707 
1879 709 
1881 709 
1884 711 
1886 711 
1889 713 
1899 717 
1901 717 
1904 718 
1906 719 
1909 720 
1912 722 
1914 722 
1917 723 
1919 724 
1922 725 
1925 725 
1927 726 
1930 727 
1932 728 
1935 729 
1938 730 
1940 732 
1943 733 
1946 733 
1948 734 
1951 735 
1953 736 
1956 738 
1966 742 
1968 742 
1971 743 
1973 744 
1976 746 
1979 747 
1981 747 
1984 748 
1986 749 
1989 750 
1992 750 
1994 751 
1997 752 
1999 752 
2002 753 
2004 755 
2007 756 
2010 756 
2012 757 
2015 758 
2018 759 
2020 760 
2023 762 
2033 767 
2035 768 
2038 769 
2041 769 
2043 770 
2046 771 
2048 771 
2051 772 
2053 773 
2056 775 
2059 776 
2061 776 
2064 777 
2066 778 
2069 780 
2072 781 
2074 782 
2077 784 
2080 785 
2082 785 
2085 786 
2087 787 
2090 789 
2100 793 
2102 793 
2105 794 
2107 796 
2110 796 
2113 797 
2115 797 
2118 799 
2120 799 
2123 801 
2125 802 
2128 803 
2131 803 
2133 804 
2136 805 
2138 806 
2141 807 
2144 808 
2146 809 
2149 810 
2152 812 
2154 812 
2157 812 
2159 813 
2169 817 
2172 817 
2174 818 
2177 819 
2179 819 
2182 820 
2184 821 
2187 823 
2190 824 
2192 825 
2195 826 
2198 826 
2200 827 
2203 828 
2205 829 
2208 830 
2211 832 
2213 832 
2216 834 
2218 835 
2221 836 
2224 837 
2226 837 
2236 842 
2238 843 
2241 845 
2244 846 
2247 848 
2249 849 
2252 850 
2255 851 
2257 852 
2260 853 
2263 855 
2265 855 
2268 856 
2270 857 
2273 858 
2276 858 
2278 859 
2281 861 
2283 861 
2286 863 
2288 863 
2291 865 
2293 866 
2303 870 
2306 870 
2308 871 
2311 872 
2313 873 
2316 874 
2319 874 
2321 875 
2324 876 
2327 877 
2329 878 
2332 879 
2335 880 
2337 881 
2340 883 
2343 884 
2345 885 
2348 886 
2351 888 
2353 888 
2356 889 
2358 890 
2361 891 
2371 894 
2373 895 
2376 896 
2379 896 
2381 897 
2384 898 
2386 899 
2389 900 
2392 902 
2394 903 
2397 904 
2400 904 
2402 905 
2405 906 
2407 907 
2410 909 
2413 910 
2415 910 
2418 911 
2421 912 
2423 913 
2426 915 
2429 916 
2431 917 
2441 921 
2444 921 
2446 922 
2449 923 
2451 923 
2454 925 
2456 925 
2459 927 
2461 927 
2464 928 
2467 929 
2469 930 
2472 932 
2475 933 
2477 933 
2480 935 
2482 935 
2485 937 
2487 938 
2490 939 
2493 939 
2495 940 
2498 941 
2507 945 
2510 946 
2513 946 
2515 947 
2518 949 
2520 950 
2523 951 
2526 952 
2528 953 
2531 954 
2534 954 
2536 955 
2539 956 
2542 958 
2544 958 
2547 959 
2549 960 
2552 961 
2555 963 
2557 963 
2560 965 
2562 966 
2565 967 
2575 972 
2577 973 
2580 975 
2583 976 
2585 977 
2588 978 
2591 980 
2593 981 
2596 982 
2599 983 
2601 984 
2604 986 
2607 987 
2609 988 
2612 988 
2615 989 
2617 990 
2620 991 
2623 993 
2625 994 
2628 995 
2631 997 
2633 998 
2636 999 
2646 1003 
2648 1004 
2651 1005 
2654 1005 
2656 1006 
2659 1008 
2661 1009 
2664 1010 
2667 1011 
2669 1012 
2672 1013 
2675 1014 
2677 1015 
2680 1016 
2683 1018 
2685 1019 
2688 1020 
2691 1022 
2694 1023 
2696 1023 
2699 1025 
2708 1029 
2711 1031 
2714 1032 
2716 1032 
2719 1033 
2721 1034 
2724 1035 
2727 1037 
2729 1038 
2732 1039 
2735 1039 
2737 1040 
2740 1041 
2743 1041 
2745 1042 
2748 1043 
2750 1043 
2753 1045 
2755 1045 
2758 1047 
2760 1048 
2770 1052 
2773 1053 
2775 1055 
2778 1055 
2781 1057 
2783 1057 
2786 1059 
2788 1059 
2791 1061 
2793 1062 
2796 1063 
2799 1064 
2801 1065 
2804 1066 
2807 1066 
2809 1067 
2812 1068 
2815 1070 
2817 1071 
2820 1072 
2823 1072 
2825 1073 
2835 1078 
2837 1079 
2840 1080 
2843 1081 
2845 1082 
2848 1083 
2851 1083 
2853 1084 
2856 1085 